-3.559309538061539713e-01
-4.002004055616930622e-01
-4.850538474651807652e-01
-4.258535134395282640e-01
-3.925163308739222368e-01
-4.710747255691236646e-01
-3.445376022364656787e-01
-5.528061220410049881e-01
-5.839007647272170809e-01
-7.285750009289382323e-01
-4.893183437656701829e-01
-6.327015878319767195e-01
-6.016569436794042547e-01
-6.158876138860451821e-01
-6.736949715359579205e-01
-5.919031535780722164e-01
-5.378914043336189277e-01
-6.162981002723164625e-01
-6.105577648655512446e-01
-5.483658787069386475e-01
-6.683718080305937059e-01
-5.623471801099579892e-01
-6.517809431240874085e-01
-5.861057570024075236e-01
-6.519721726800270512e-01
-6.733557615963537968e-01
-7.732654808118231138e-01
-6.983010892501505529e-01
-6.225139949143256857e-01
-7.123848363446073639e-01
-7.655554431921246517e-01
-6.655611876082485612e-01
-7.461344256380696427e-01
-6.987166499438028922e-01
-8.082098957180391396e-01
-7.512595679816596039e-01
-9.272293098977678616e-01
-7.392915542202117551e-01
-9.247184352917767747e-01
-7.519318011394274803e-01
-6.843486634210823594e-01
-5.431285041204712005e-01
-7.150357152221167301e-01
-9.404800485153600453e-01
-6.816645814019635097e-01
-8.511150103678984946e-01
-7.717103321166145502e-01
-8.297805504650178632e-01
-7.949420940562759164e-01
-6.619481802964712891e-01
-9.164499410000457313e-01
-8.773962627668007164e-01
-6.504582636472753254e-01
-8.256871007455801603e-01
-8.300609847907264305e-01
-8.915331429921138362e-01
-8.453026163006263083e-01
-8.196447134412424562e-01
-8.900203701317170868e-01
-8.608779680571780890e-01
-9.945402187967452567e-01
-1.070431450742967749e+00
-9.149944254680554279e-01
-8.535889446148829940e-01
-9.170845957551085892e-01
-7.803207528390233572e-01
-9.324646923341903815e-01
-6.904111544072736306e-01
-9.674459550598359936e-01
-9.832994203738025796e-01
-7.727728400757111205e-01
-9.609671753494782864e-01
-9.035791127581959126e-01
-9.135915960166860472e-01
-9.257946283132401089e-01
-1.010169347918903782e+00
-8.981471155404036066e-01
-8.972565477470410000e-01
-1.160047633875147088e+00
-7.839563072697923740e-01
-8.612742659335025364e-01
-1.054675172353658485e+00
-9.422932657439645476e-01
-9.537279912798495296e-01
-1.064952100104611610e+00
-9.930148397291435058e-01
-9.616106557480748052e-01
-1.081971213237809870e+00
-9.588275583384966438e-01
-8.493813984321970656e-01
-1.007159340989601359e+00
-9.232121774283676974e-01
-8.658438466486245710e-01
-9.502919947583532423e-01
-1.052536026427857152e+00
-1.070327507325902205e+00
-1.053322578699640522e+00
-9.948579550386482673e-01
-8.701203529891007316e-01
-9.420897208330142325e-01
-9.181490800129249452e-01
-8.239319590131989335e-01
-9.802889767848309566e-01
-8.694451295331757645e-01
-9.960430252521502714e-01
-8.700793225631462402e-01
-9.053669564195884201e-01
-9.939871151416844741e-01
-9.581006327874714845e-01
-9.180276721490049363e-01
-8.272827504756571360e-01
-8.168558874546865134e-01
-1.088849366055324008e+00
-1.095995450960349116e+00
-1.080162227767941241e+00
-8.577956596362206199e-01
-8.024051503885426539e-01
-1.024343974948356273e+00
-9.427809374620262917e-01
-8.576202449208760736e-01
-8.412108290757397411e-01
-9.460498129431469394e-01
-9.754795191725850190e-01
-9.513584325346262638e-01
-7.795321891692842398e-01
-8.419142111508031157e-01
-8.213171867053287167e-01
-7.493879459286478806e-01
-9.253389568192369463e-01
-7.963733239560472077e-01
-8.827970915153746656e-01
-9.026525321891685216e-01
-9.209738523882520234e-01
-8.062905200521425231e-01
-8.256748385296009962e-01
-8.381175236242136561e-01
-9.228954355388165887e-01
-1.097765247350458884e+00
-1.000751965931711007e+00
-9.724957085598937567e-01
-8.746319261976703840e-01
-9.317380407067376025e-01
-9.062499300220565601e-01
-9.009077415608349737e-01
-8.839454399605850554e-01
-9.039526073152921448e-01
-8.223570606473323830e-01
-8.850821048051685791e-01
-9.066353524809848130e-01
-7.507386699678920694e-01
-8.628857626735970676e-01
-8.615783476583769307e-01
-8.914778693977857271e-01
-7.154778211828292100e-01
-8.290976798026689076e-01
-7.989469728417810668e-01
-8.639627069756382616e-01
-7.224379392677534595e-01
-6.833511787794036563e-01
-7.690759588405456926e-01
-8.021188739728817296e-01
-9.486154075456507684e-01
-6.831816460261542767e-01
-6.587485100700773977e-01
-7.360758392425712504e-01
-7.812856575894364664e-01
-7.187173558132884388e-01
-8.554731862724518354e-01
-5.823394001468490400e-01
-7.661819572969712500e-01
-7.408286037274887104e-01
-7.563954747657365418e-01
-5.801289744414011018e-01
-5.699185855283479540e-01
-7.900351184894323087e-01
-5.799978747895475628e-01
-7.845661290684381450e-01
-7.850534249575429335e-01
-6.045909225190152503e-01
-6.458118677250556106e-01
-6.067899942341573594e-01
-6.930224927821699854e-01
-6.428290678621149112e-01
-7.205874375809829813e-01
-6.810219785433052619e-01
-5.913496615332822781e-01
-5.404119190998413202e-01
-7.633032383182148939e-01
-4.828521005970728419e-01
-6.932078388855366091e-01
-4.566945282963800201e-01
-5.671927451527341013e-01
-6.841362854595377518e-01
-6.125741097433196058e-01
-6.219801863532957720e-01
-6.021137381061212324e-01
-5.516496143512172878e-01
-5.103825534036587896e-01
-4.638451057056815485e-01
-5.591656980795177700e-01
-5.490212144794262006e-01
-5.534219258072587966e-01
-6.608815188143548625e-01
-5.314250727145153341e-01
-4.014993601563572323e-01
-3.930397227048946229e-01
-6.389153617544442998e-01
-3.785729116269141992e-01
-5.061580532707573576e-01
-2.918460032662760772e-01
-3.623444253364640488e-01
-4.786847563259897242e-01
-3.876225955313801763e-01
-3.279331013625077507e-01
-3.275664427837602366e-01
-3.879736420056474344e-01
-1.972350914377744846e-01
-4.588050635961980067e-02
-2.258601668810887586e-01
-3.843902660989704234e-01
-2.929314305249598460e-01
-3.791430584765609901e-01
-2.045106682449589763e-01
-1.462502598449024471e-01
-3.894544320578009478e-01
-1.783162374953939366e-01
-1.499381220729563979e-01
-1.686293888884596581e-01
-2.787179584818363365e-01
-2.436875432833543742e-01
-2.170493296000125805e-01
-1.783246099642683546e-01
-2.582425473718387154e-01
-1.762797607336897554e-01
-7.483285855643184714e-02
-1.317873024704944440e-01
-2.524048471906018554e-01
9.488220572977795753e-02
-2.537810964067637731e-01
-1.215963710772929030e-01
-1.134466343867382154e-01
-2.027997717284814663e-02
-6.239631544553220915e-02
-7.926119563688928393e-02
1.186629447389779025e-02
1.053531500755698624e-01
-1.274856327161019431e-01
-7.348366736203806870e-02
-7.628811654379634433e-02
-4.209222497678288821e-02
2.096770372356334886e-02
1.011308058551819711e-01
-8.589842255414900651e-02
5.371236000518310461e-02
5.661472620362440616e-02
5.501341361789359452e-02
1.966554081231433604e-01
9.859181837580377472e-02
-3.271509380993513350e-02
2.044964586678225116e-01
1.014498934209427106e-01
1.960490919648163240e-03
-5.044506600913673672e-03
1.300465687544426485e-01
1.784768221211329997e-01
2.666522420774011803e-01
3.051453298536469516e-01
2.196895413834953070e-01
3.497991600136156620e-01
2.621363639800591283e-01
2.614713016961927039e-01
2.987580249493128615e-01
5.236542069981328096e-01
4.088875959758599965e-01
3.316305319424540099e-01
2.587269112238552160e-01
4.488262663405802044e-01
3.803278044054403395e-01
3.759918883540636636e-01
4.662669250395196641e-01
3.565814678633034140e-01
3.692561032067405158e-01
4.489306942063854278e-01
3.453850266034280136e-01
3.472934622553884298e-01
6.386928177842854382e-01
6.656587115813601407e-01
4.877418935169431924e-01
5.625043453175487818e-01
6.930570440714233227e-01
5.762899311266829194e-01
6.407357858454646449e-01
5.596104968538286872e-01
3.903626497005096563e-01
5.614303287087434313e-01
4.799958406204509198e-01
6.717833392582540641e-01
6.063288027199998931e-01
6.818497837982795406e-01
6.477343794711148961e-01
6.263810249507950623e-01
6.205900173688513322e-01
7.322016228255460168e-01
7.417137364044172898e-01
7.823984878292753464e-01
7.573920244913584510e-01
7.054163795252278435e-01
8.841942742730987126e-01
7.596811855068890118e-01
8.285871685973205114e-01
8.091869350919805859e-01
7.227809983379747116e-01
8.780725628215295675e-01
8.013820753396296848e-01
9.083450809515032365e-01
9.496935431233799463e-01
8.639042779715051523e-01
1.018418847368051106e+00
9.646291746760669028e-01
9.973901285286073115e-01
8.004825335484757609e-01
8.468402505698873206e-01
9.926222253796525008e-01
9.995375606355544340e-01
1.030556400357063529e+00
1.172204924905708934e+00
1.017231588503035633e+00
1.194082564508465172e+00
1.135712063063879063e+00
1.155719346369263212e+00
1.052268831917987146e+00
1.096412732251063726e+00
1.064819472668633527e+00
1.191996691257112939e+00
1.135688212402121700e+00
1.360223803375937068e+00
1.266513669689181887e+00
1.141320804785832976e+00
1.326427432392345063e+00
1.417244818254527194e+00
1.267921676029294620e+00
1.372398633393962619e+00
1.455893726755312922e+00
1.392543616838312515e+00
1.423371800360100359e+00
1.432262725471150411e+00
1.271238990694957049e+00
1.430437544744372014e+00
1.579923474508257764e+00
1.553164948478244156e+00
1.629393654465333352e+00
1.589293212725442217e+00
1.471286220342280071e+00
1.535662976988454886e+00
1.547782460874610244e+00
1.620503133155481557e+00
1.784393613300754522e+00
1.538274639891447748e+00
1.678833020701884893e+00
1.727440959448510505e+00
1.494132598709571269e+00
1.654128312383059463e+00
1.739139270697709128e+00
1.658053852132880701e+00
1.732267243161958792e+00
1.675710278456419067e+00
1.951556936573151546e+00
1.833147786512880684e+00
1.943062174136452436e+00
1.881715642909467467e+00
1.879123213741366261e+00
1.881200991058362471e+00
2.000932509787551883e+00
1.997784731803872393e+00
2.012069304871114017e+00
2.029609700364521707e+00
1.931722492714774697e+00
1.924228205159425720e+00
1.863451586699188312e+00
2.013196885307277473e+00
1.849892905445889912e+00
2.057102285518707330e+00
2.077089383671912426e+00
1.986339252212245166e+00
2.086010631616178834e+00
2.011633098206142112e+00
2.186876955615286722e+00
2.154123731495868999e+00
2.067528224629016975e+00
2.352230465366872636e+00
2.115585101781637611e+00
2.205169576962124012e+00
2.392901545504852123e+00
2.304219389657148565e+00
2.238895650440917429e+00
2.251810481437789946e+00
2.398678260891671687e+00
2.340557370656519698e+00
2.479719361067194594e+00
2.641966049898255342e+00
